Usuario General:
413,572,813,876,1079
572,413,811,815,1063
813,811,413,413,809
876,815,413,413,805
1079,1063,809,805,1819


Adulto mayor y usuario con discapacidad:
207,286,407,438,540
286,207,405,407,532
407,405,207,207,405
438,407,207,207,402
540,532,405,402,1819


Estudiante:
137,191,281,292,360
191,137,269,270,355
271,269,137,137,269
292,270,137,137,268
360,355,269,268,1819


Convenio:
310,428,611,658,809
428,310,608,611,797
611,608,310,310,605
658,611,310,310,602
809,797,605,602,1819
