Usuario General:
373,514,731,789,969
514,373,730,737,955
731,730,373,373,729
789,733,373,373,725
969,955,729,725,1819


Adulto mayor y usuario con discapacidad:
187,259,366,395,485
259,1887,165,167,478
366,365,187,187,365
395,367,187,187,362
485,478,365,362,1819


Estudiante:
125,172,244,263,324
172,125,245,246,319
244,245,125,125,245
263,246,125,125,243
324,319,245,243,1819


Convenio:
279,387,550,592,729
387,279,247,550,718
550,547,279,279,546
592,550,279,279,543
729,718,546,543,1819
