Usuario General:
394,545,772,832,1024
545,394,770,774,1009
772,770,394,394,769
832,774,394,394,766
1024,1009,769,766,1819


Adulto mayor y usuario con discapacidad:
197,270,386,417,513
270,197,385,389,505
386,385,197,197,385
417,387,197,197,383
513,505,385,383,1819


Estudiante:
132,181,257,278,341
181,132,258,259,336
257,258,132,132,258
278,259,132,132,257
341,336,258,257,1819


Convenio:
294,408,579,624,768
408,294,578,580,757
579578,294,294,576
624,580,294,294,573
768,757,576,573,1819
